0 0.879849 0.120151
0 0.6376 0.3624
0 0.7697 0.2303
0 0.587506 0.412494
0 0.768522 0.231478
0 0.566909 0.433091
0 0.760875 0.239125
0 0.938019 0.0619809
0 0.938019 0.0619809
0 0.892719 0.107281
0 0.567708 0.432292
1 0.439175 0.560825
0 0.96812 0.0318797
0 0.828036 0.171964
0 0.791199 0.208801
0 0.732703 0.267297
0 0.941177 0.0588232
0 0.765796 0.234204
0 0.582598 0.417402
0 0.938019 0.0619809
0 0.662943 0.337057
0 0.938019 0.0619809
0 0.61884 0.38116
0 0.938019 0.0619809
0 0.823926 0.176074
0 0.938019 0.0619809
0 0.938019 0.0619809
0 0.636928 0.363072
0 0.697652 0.302348
0 0.705176 0.294824
0 0.938019 0.0619809
0 0.612601 0.387399
0 0.841775 0.158225
0 0.608751 0.391249
0 0.81078 0.18922
0 0.882434 0.117566
0 0.826668 0.173332
0 0.572933 0.427067
0 0.760589 0.239411
1 0.346434 0.653566
0 0.941328 0.0586719
0 0.91769 0.0823097
0 0.890938 0.109062
0 0.54063 0.45937
1 0.452771 0.547229
0 0.890417 0.109583
1 0.4578 0.5422
0 0.940807 0.0591933
0 0.872346 0.127654
0 0.754068 0.245932
0 0.80767 0.19233
0 0.568308 0.431692
0 0.931206 0.0687943
1 0.382025 0.617975
0 0.98055 0.0194498
0 0.912578 0.0874217
0 0.898066 0.101934
1 0.339773 0.660227
0 0.855563 0.144437
0 0.790665 0.209335
0 0.835448 0.164552
0 0.820366 0.179634
0 0.757679 0.242321
0 0.938446 0.0615536
0 0.785421 0.214579
0 0.970445 0.0295553
0 0.960867 0.0391333
0 0.902961 0.0970388
0 0.666624 0.333376
0 0.553117 0.446883
0 0.942471 0.0575291
0 0.804335 0.195665
0 0.808597 0.191403
0 0.906965 0.0930352
0 0.590063 0.409937
0 0.924061 0.0759395
0 0.694907 0.305093
0 0.905336 0.0946636
0 0.939814 0.0601863
0 0.560113 0.439887
0 0.849628 0.150372
0 0.560014 0.439986
0 0.582259 0.417741
0 0.955731 0.0442693
0 0.990428 0.00957211
0 0.73522 0.26478
0 0.893973 0.106027
0 0.970072 0.0299285
0 0.942956 0.0570441
0 0.900002 0.0999983
0 0.895252 0.104748
0 0.943121 0.0568795
0 0.868983 0.131017
0 0.93626 0.0637401
0 0.948101 0.0518986
0 0.892402 0.107598
0 0.5 0.5
0 0.788156 0.211844
1 0.425879 0.574121
0 0.937974 0.0620264
0 0.764114 0.235886
0 0.911874 0.088126
0 0.806222 0.193778
0 0.863678 0.136322
0 0.900528 0.0994724
0 0.938923 0.0610769
0 0.938019 0.0619809
0 0.938019 0.0619809
0 0.606771 0.393229
0 0.753597 0.246403
0 0.984417 0.0155831
0 0.899014 0.100986
0 0.893507 0.106493
0 0.938019 0.0619809
0 0.938019 0.0619809
1 0.487034 0.512966
0 0.782231 0.217769
0 0.843853 0.156147
0 0.938019 0.0619809
0 0.938019 0.0619809
0 0.797719 0.202281
0 0.938019 0.0619809
0 0.933513 0.0664868
1 0.28129 0.71871
0 0.939208 0.0607923
0 0.938019 0.0619809
0 0.729817 0.270183
0 0.938019 0.0619809
0 0.952533 0.0474666
0 0.94589 0.0541101
0 0.893676 0.106324
0 0.938019 0.0619809
0 0.938019 0.0619809
1 0.382247 0.617753
0 0.931485 0.0685154
0 0.982759 0.0172408
0 0.938019 0.0619809
0 0.888887 0.111113
0 0.851561 0.148439
0 0.854899 0.145101
0 0.986772 0.0132275
0 0.600699 0.399301
1 0.45043 0.54957
0 0.732141 0.267859
0 0.93105 0.0689497
0 0.949158 0.0508424
0 0.938019 0.0619809
0 0.938577 0.0614226
0 0.850753 0.149247
0 0.84235 0.15765
0 0.836239 0.163761
0 0.578055 0.421945
0 0.63978 0.36022
0 0.902768 0.097232
0 0.676478 0.323522
0 0.938019 0.0619809
0 0.938019 0.0619809
0 0.938019 0.0619809
0 0.610737 0.389263
0 0.938019 0.0619809
0 0.938019 0.0619809
0 0.938019 0.0619809
0 0.759722 0.240278
0 0.938019 0.0619809
0 0.935909 0.0640912
0 0.97049 0.0295102
0 0.983901 0.0160989
0 0.986538 0.0134619
0 0.971728 0.0282718
0 0.968626 0.0313735
0 0.965188 0.034812
0 0.959303 0.0406974
0 0.930978 0.0690221
0 0.941183 0.0588171
0 0.978141 0.021859
0 0.921044 0.0789561
0 0.890073 0.109927
0 0.970155 0.0298449
0 0.970466 0.029534
0 0.983009 0.0169906
0 0.969824 0.0301763
0 0.988432 0.0115678
0 0.977653 0.0223466
0 0.943602 0.0563981
0 0.922581 0.0774188
0 0.947869 0.0521311
0 0.989107 0.0108928
0 0.963787 0.0362128
0 0.97513 0.0248697
0 0.947409 0.052591
0 0.959722 0.0402776
0 0.970166 0.0298343
0 0.983505 0.0164952
0 0.97148 0.0285203
0 0.974105 0.0258953
0 0.992099 0.00790103
0 0.964828 0.0351724
0 0.981151 0.0188487
0 0.97294 0.0270595
0 0.974215 0.0257846
0 0.983777 0.0162225
0 0.985166 0.0148339
0 0.961486 0.038514
0 0.961157 0.0388434
0 0.983222 0.0167784
0 0.953944 0.0460564
0 0.901275 0.0987247
0 0.966747 0.0332534
0 0.985552 0.0144484
0 0.98869 0.0113104
0 0.986186 0.0138142
0 0.953933 0.0460674
0 0.945393 0.0546074
0 0.948375 0.0516252
0 0.978285 0.0217147
0 0.987754 0.012246
0 0.989318 0.0106818
0 0.962512 0.0374878
0 0.970011 0.0299886
0 0.986019 0.0139814
0 0.974874 0.0251259
0 0.910878 0.0891216
0 0.966148 0.0338519
0 0.969991 0.0300093
0 0.956089 0.0439113
0 0.983015 0.0169851
0 0.989646 0.0103545
0 0.940308 0.0596915
0 0.96494 0.0350598
0 0.913179 0.0868214
0 0.752944 0.247056
0 0.984387 0.0156126
0 0.541879 0.458121
0 0.60605 0.39395
0 0.888418 0.111582
0 0.847235 0.152765
0 0.890781 0.109219
0 0.964723 0.0352772
0 0.907156 0.0928437
0 0.825798 0.174202
0 0.682564 0.317436
0 0.553166 0.446834
0 0.963057 0.0369432
0 0.978646 0.0213541
0 0.938019 0.0619809
0 0.936378 0.0636222
0 0.850957 0.149043
0 0.938019 0.0619809
1 0.35115 0.64885
0 0.572678 0.427322
0 0.858654 0.141346
0 0.668743 0.331257
0 0.938019 0.0619809
0 0.938019 0.0619809
0 0.790054 0.209946
0 0.898627 0.101373
0 0.843277 0.156723
0 0.744872 0.255128
0 0.938019 0.0619809
0 0.938019 0.0619809
0 0.938019 0.0619809
0 0.938019 0.0619809
0 0.938019 0.0619809
0 0.918101 0.0818988
1 0.379395 0.620605
0 0.820615 0.179385
0 0.851999 0.148001
0 0.938019 0.0619809
0 0.933711 0.066289
0 0.586729 0.413271
0 0.804445 0.195555
0 0.938019 0.0619809
0 0.938019 0.0619809
0 0.71729 0.28271
0 0.900481 0.099519
0 0.859867 0.140133
0 0.929344 0.0706565
0 0.938019 0.0619809
0 0.938019 0.0619809
1 0.280466 0.719534
1 0.342178 0.657822
0 0.526814 0.473186
0 0.959983 0.0400175
0 0.630844 0.369156
0 0.894446 0.105554
0 0.938019 0.0619809
0 0.938019 0.0619809
0 0.938019 0.0619809
0 0.938019 0.0619809
0 0.868698 0.131302
0 0.938019 0.0619809
0 0.921831 0.0781688
0 0.938019 0.0619809
0 0.938019 0.0619809
0 0.916492 0.0835079
0 0.723266 0.276734
1 0.28129 0.71871
0 0.872678 0.127322
0 0.915003 0.0849966
0 0.690108 0.309892
0 0.788834 0.211166
0 0.938019 0.0619809
0 0.944794 0.0552058
0 0.82008 0.17992
0 0.672265 0.327735
0 0.773234 0.226766
0 0.938019 0.0619809
1 0.45107 0.54893
0 0.874782 0.125218
0 0.652226 0.347774
0 0.953584 0.046416
0 0.804367 0.195633
0 0.959142 0.0408584
0 0.898539 0.101461
0 0.900086 0.0999139
0 0.600373 0.399627
1 0.237821 0.762179
0 0.745913 0.254087
0 0.65273 0.34727
0 0.986893 0.0131075
0 0.973022 0.0269785
0 0.983387 0.0166125
0 0.938046 0.0619535
0 0.858524 0.141476
0 0.859978 0.140022
0 0.648375 0.351625
0 0.565039 0.434961
0 0.912562 0.0874384
0 0.805464 0.194536
0 0.652599 0.347401
0 0.938019 0.0619809
0 0.928485 0.0715152
0 0.643939 0.356061
0 0.898622 0.101378
0 0.886752 0.113248
0 0.823482 0.176518
0 0.586004 0.413996
0 0.894458 0.105542
0 0.977617 0.0223833
0 0.982231 0.0177694
0 0.984408 0.015592
0 0.632026 0.367974
0 0.771826 0.228174
0 0.94812 0.05188
0 0.53864 0.46136
0 0.781845 0.218155
0 0.938019 0.0619809
0 0.938019 0.0619809
0 0.935451 0.064549
0 0.6013 0.3987
0 0.54883 0.45117
0 0.570478 0.429522
0 0.703786 0.296214
0 0.973174 0.0268256
0 0.914918 0.0850817
0 0.829601 0.170399
0 0.686255 0.313745
0 0.938019 0.0619809
0 0.635954 0.364046
0 0.566887 0.433113
0 0.902628 0.0973722
0 0.938019 0.0619809
1 0.462842 0.537158
0 0.773277 0.226723
0 0.541251 0.458749
0 0.899608 0.100392
0 0.71664 0.28336
0 0.907712 0.0922882
0 0.938019 0.0619809
0 0.938019 0.0619809
0 0.974257 0.0257433
0 0.938019 0.0619809
0 0.564845 0.435155
1 0.210592 0.789408
0 0.942361 0.0576392
0 0.733223 0.266777
0 0.938019 0.0619809
0 0.938019 0.0619809
0 0.938019 0.0619809
0 0.778561 0.221439
0 0.849817 0.150183
0 0.862427 0.137573
0 0.651395 0.348605
0 0.938019 0.0619809
1 0.479225 0.520775
0 0.957989 0.0420105
0 0.939649 0.0603508
0 0.9582 0.0418002
0 0.766438 0.233562
1 0.203095 0.796905
0 0.811745 0.188255
0 0.591766 0.408234
0 0.816018 0.183982
1 0.382513 0.617487
0 0.78178 0.21822
0 0.82817 0.17183
0 0.8256 0.1744
0 0.876804 0.123196
0 0.805949 0.194051
0 0.876351 0.123649
0 0.911803 0.0881972
0 0.899559 0.100441
0 0.861991 0.138009
0 0.958691 0.0413088
0 0.94261 0.0573904
0 0.909249 0.0907509
1 0.459805 0.540195
0 0.938019 0.0619809
0 0.927032 0.0729682
0 0.938019 0.0619809
0 0.938019 0.0619809
0 0.938019 0.0619809
0 0.922109 0.077891
0 0.804013 0.195987
0 0.966137 0.0338628
0 0.938019 0.0619809
0 0.961329 0.0386707
0 0.759674 0.240326
0 0.876856 0.123144
0 0.938019 0.0619809
0 0.751688 0.248312
0 0.763653 0.236347
0 0.700873 0.299127
0 0.934003 0.0659975
0 0.850653 0.149347
0 0.926739 0.0732606
0 0.690582 0.309418
1 0.46307 0.53693
0 0.750344 0.249656
0 0.662186 0.337814
0 0.938019 0.0619809
0 0.938019 0.0619809
0 0.723604 0.276396
1 0.181261 0.818739
0 0.896995 0.103005
0 0.938019 0.0619809
0 0.762573 0.237427
0 0.772346 0.227654
0 0.578968 0.421032
0 0.938019 0.0619809
0 0.701424 0.298576
0 0.783458 0.216542
0 0.97408 0.0259204
0 0.938019 0.0619809
0 0.938019 0.0619809
0 0.959287 0.0407129
0 0.938019 0.0619809
0 0.979704 0.0202956
0 0.955212 0.0447881
0 0.951594 0.0484065
0 0.965846 0.0341541
0 0.961443 0.0385565
0 0.557722 0.442278
0 0.837085 0.162915
0 0.908717 0.0912831
0 0.938019 0.0619809
0 0.938019 0.0619809
0 0.938019 0.0619809
0 0.923027 0.0769727
0 0.938019 0.0619809
0 0.938019 0.0619809
0 0.938019 0.0619809
0 0.814358 0.185642
0 0.938019 0.0619809
0 0.781603 0.218397
0 0.816214 0.183786
0 0.707872 0.292128
0 0.93853 0.0614703
0 0.898151 0.101849
0 0.938019 0.0619809
0 0.708623 0.291377
0 0.948944 0.0510561
0 0.938019 0.0619809
0 0.9288 0.0712003
0 0.938019 0.0619809
0 0.939932 0.060068
0 0.767799 0.232201
0 0.900568 0.0994322
0 0.582545 0.417455
0 0.687082 0.312918
0 0.543686 0.456314
0 0.584536 0.415464
0 0.550981 0.449019
1 0.299046 0.700954
0 0.722092 0.277908
0 0.819895 0.180105
0 0.979771 0.0202287
0 0.639771 0.360229
0 0.824681 0.175319
0 0.893837 0.106163
0 0.969036 0.0309644
0 0.661166 0.338834
0 0.938019 0.0619809
0 0.938789 0.0612105
0 0.868368 0.131632
0 0.973052 0.026948
0 0.938019 0.0619809
0 0.93905 0.0609499
0 0.938019 0.0619809
0 0.938019 0.0619809
0 0.867565 0.132435
0 0.719073 0.280927
0 0.777986 0.222014
0 0.938019 0.0619809
0 0.948946 0.0510538
0 0.653451 0.346549
0 0.921587 0.0784127
0 0.952806 0.0471944
0 0.938019 0.0619809
0 0.969111 0.0308889
0 0.939331 0.0606688
0 0.897631 0.102369
0 0.938019 0.0619809
0 0.946836 0.053164
0 0.938019 0.0619809
0 0.980009 0.0199909
0 0.800302 0.199698
0 0.979133 0.0208671
0 0.960303 0.0396966
0 0.839745 0.160255
0 0.697314 0.302686
0 0.929654 0.0703455
0 0.938019 0.0619809
0 0.904199 0.0958013
0 0.938019 0.0619809
0 0.915978 0.0840222
0 0.938019 0.0619809
0 0.527986 0.472014
0 0.938019 0.0619809
0 0.596947 0.403053
0 0.705178 0.294822
0 0.881035 0.118965
0 0.879772 0.120228
0 0.897281 0.102719
