labels 0 1
0 0.81929 0.18071
0 0.81929 0.18071
0 0.81929 0.18071
0 0.81929 0.18071
0 0.81929 0.18071
0 0.81929 0.18071
0 0.81929 0.18071
0 0.81929 0.18071
0 0.81929 0.18071
0 0.81929 0.18071
0 0.81929 0.18071
0 0.940367 0.0596326
0 0.940367 0.0596326
0 0.81929 0.18071
0 0.81929 0.18071
0 0.81929 0.18071
0 0.81929 0.18071
0 0.92145 0.0785498
0 0.81929 0.18071
0 0.81929 0.18071
0 0.81929 0.18071
0 0.81929 0.18071
0 0.940367 0.0596326
0 0.81929 0.18071
0 0.81929 0.18071
0 0.81929 0.18071
0 0.81929 0.18071
0 0.81929 0.18071
0 0.81929 0.18071
0 0.81929 0.18071
0 0.81929 0.18071
0 0.81929 0.18071
0 0.940367 0.0596326
0 0.81929 0.18071
0 0.81929 0.18071
0 0.81929 0.18071
0 0.81929 0.18071
0 0.81929 0.18071
0 0.81929 0.18071
0 0.81929 0.18071
0 0.81929 0.18071
0 0.81929 0.18071
0 0.840705 0.159295
0 0.81929 0.18071
0 0.81929 0.18071
0 0.81929 0.18071
0 0.81929 0.18071
0 0.81929 0.18071
0 0.81929 0.18071
0 0.81929 0.18071
0 0.81929 0.18071
0 0.81929 0.18071
0 0.81929 0.18071
0 0.81929 0.18071
0 0.81929 0.18071
0 0.81929 0.18071
0 0.81929 0.18071
0 0.81929 0.18071
0 0.81929 0.18071
0 0.81929 0.18071
0 0.81929 0.18071
0 0.81929 0.18071
0 0.81929 0.18071
0 0.81929 0.18071
0 0.81929 0.18071
0 0.81929 0.18071
0 0.81929 0.18071
0 0.81929 0.18071
0 0.81929 0.18071
0 0.81929 0.18071
0 0.81929 0.18071
0 0.81929 0.18071
0 0.81929 0.18071
0 0.81929 0.18071
0 0.81929 0.18071
0 0.81929 0.18071
0 0.81929 0.18071
0 0.81929 0.18071
0 0.81929 0.18071
0 0.81929 0.18071
0 0.81929 0.18071
0 0.940367 0.0596326
0 0.81929 0.18071
0 0.81929 0.18071
0 0.940367 0.0596326
0 0.81929 0.18071
0 0.81929 0.18071
0 0.81929 0.18071
0 0.81929 0.18071
0 0.81929 0.18071
0 0.81929 0.18071
0 0.81929 0.18071
0 0.940367 0.0596326
0 0.940367 0.0596326
0 0.940367 0.0596326
0 0.940367 0.0596326
0 0.81929 0.18071
0 0.81929 0.18071
0 0.81929 0.18071
0 0.81929 0.18071
0 0.81929 0.18071
0 0.81929 0.18071
0 0.81929 0.18071
0 0.81929 0.18071
0 0.81929 0.18071
0 0.81929 0.18071
0 0.81929 0.18071
0 0.81929 0.18071
0 0.81929 0.18071
0 0.81929 0.18071
0 0.81929 0.18071
0 0.81929 0.18071
0 0.81929 0.18071
0 0.81929 0.18071
0 0.940367 0.0596326
0 0.940367 0.0596326
0 0.81929 0.18071
0 0.940367 0.0596326
0 0.940367 0.0596326
0 0.940367 0.0596326
0 0.81929 0.18071
0 0.81929 0.18071
0 0.940367 0.0596326
0 0.81929 0.18071
0 0.81929 0.18071
0 0.81929 0.18071
0 0.81929 0.18071
0 0.81929 0.18071
0 0.87394 0.12606
0 0.81929 0.18071
0 0.81929 0.18071
0 0.81929 0.18071
0 0.81929 0.18071
0 0.81929 0.18071
0 0.81929 0.18071
0 0.940367 0.0596326
0 0.81929 0.18071
0 0.81929 0.18071
0 0.81929 0.18071
0 0.81929 0.18071
0 0.81929 0.18071
0 0.81929 0.18071
0 0.81929 0.18071
0 0.81929 0.18071
0 0.81929 0.18071
0 0.81929 0.18071
0 0.81929 0.18071
0 0.940367 0.0596326
0 0.940367 0.0596326
0 0.940367 0.0596326
0 0.81929 0.18071
0 0.940367 0.0596326
0 0.940367 0.0596326
0 0.931421 0.0685792
0 0.81929 0.18071
0 0.81929 0.18071
0 0.81929 0.18071
0 0.81929 0.18071
0 0.81929 0.18071
0 0.81929 0.18071
0 0.81929 0.18071
0 0.81929 0.18071
0 0.81929 0.18071
0 0.81929 0.18071
0 0.81929 0.18071
0 0.81929 0.18071
0 0.81929 0.18071
0 0.81929 0.18071
0 0.81929 0.18071
0 0.81929 0.18071
0 0.81929 0.18071
0 0.81929 0.18071
0 0.81929 0.18071
0 0.81929 0.18071
0 0.81929 0.18071
0 0.81929 0.18071
0 0.81929 0.18071
0 0.81929 0.18071
0 0.81929 0.18071
0 0.81929 0.18071
0 0.81929 0.18071
0 0.81929 0.18071
0 0.81929 0.18071
0 0.81929 0.18071
0 0.81929 0.18071
0 0.81929 0.18071
0 0.81929 0.18071
0 0.81929 0.18071
0 0.81929 0.18071
0 0.81929 0.18071
0 0.81929 0.18071
0 0.81929 0.18071
0 0.81929 0.18071
0 0.81929 0.18071
0 0.81929 0.18071
0 0.81929 0.18071
0 0.81929 0.18071
0 0.81929 0.18071
0 0.81929 0.18071
0 0.81929 0.18071
0 0.81929 0.18071
0 0.81929 0.18071
0 0.81929 0.18071
0 0.81929 0.18071
0 0.81929 0.18071
0 0.81929 0.18071
0 0.81929 0.18071
0 0.81929 0.18071
0 0.81929 0.18071
0 0.81929 0.18071
0 0.81929 0.18071
0 0.81929 0.18071
0 0.81929 0.18071
0 0.81929 0.18071
0 0.81929 0.18071
0 0.81929 0.18071
0 0.81929 0.18071
0 0.81929 0.18071
0 0.81929 0.18071
0 0.81929 0.18071
0 0.81929 0.18071
0 0.81929 0.18071
0 0.81929 0.18071
0 0.81929 0.18071
0 0.81929 0.18071
0 0.81929 0.18071
0 0.821169 0.178831
0 0.940367 0.0596326
0 0.81929 0.18071
0 0.81929 0.18071
0 0.81929 0.18071
0 0.81929 0.18071
0 0.81929 0.18071
0 0.81929 0.18071
0 0.81929 0.18071
0 0.81929 0.18071
0 0.934199 0.0658006
0 0.81929 0.18071
0 0.81929 0.18071
0 0.940367 0.0596326
0 0.81929 0.18071
0 0.81929 0.18071
0 0.81929 0.18071
0 0.81929 0.18071
0 0.81929 0.18071
0 0.940367 0.0596326
0 0.81929 0.18071
0 0.81929 0.18071
0 0.81929 0.18071
0 0.81929 0.18071
0 0.940579 0.0594205
0 0.81929 0.18071
0 0.81929 0.18071
0 0.81929 0.18071
0 0.940367 0.0596326
0 0.81929 0.18071
0 0.81929 0.18071
0 0.81929 0.18071
0 0.940367 0.0596326
0 0.940367 0.0596326
0 0.81929 0.18071
0 0.81929 0.18071
0 0.81929 0.18071
0 0.81929 0.18071
0 0.819293 0.180707
0 0.940367 0.0596326
0 0.940367 0.0596326
0 0.81929 0.18071
0 0.81929 0.18071
0 0.81929 0.18071
0 0.81929 0.18071
0 0.81929 0.18071
0 0.81929 0.18071
0 0.81929 0.18071
0 0.81929 0.18071
0 0.81929 0.18071
0 0.940367 0.0596326
0 0.81929 0.18071
0 0.81929 0.18071
0 0.81929 0.18071
0 0.81929 0.18071
0 0.940367 0.0596326
0 0.81929 0.18071
0 0.81929 0.18071
0 0.81929 0.18071
0 0.81929 0.18071
0 0.940367 0.0596326
0 0.940367 0.0596326
0 0.81929 0.18071
0 0.81929 0.18071
0 0.81929 0.18071
0 0.81929 0.18071
0 0.81929 0.18071
0 0.81929 0.18071
0 0.81929 0.18071
0 0.81929 0.18071
0 0.81929 0.18071
0 0.81929 0.18071
0 0.81929 0.18071
0 0.81929 0.18071
0 0.81929 0.18071
0 0.940367 0.0596326
0 0.81929 0.18071
0 0.81929 0.18071
0 0.81929 0.18071
0 0.81929 0.18071
0 0.81929 0.18071
0 0.81929 0.18071
0 0.81929 0.18071
0 0.940367 0.0596326
0 0.81929 0.18071
0 0.81929 0.18071
0 0.81929 0.18071
0 0.81929 0.18071
0 0.81929 0.18071
0 0.81929 0.18071
0 0.81929 0.18071
0 0.81929 0.18071
0 0.81929 0.18071
0 0.81929 0.18071
0 0.81929 0.18071
0 0.81929 0.18071
0 0.81929 0.18071
0 0.81929 0.18071
0 0.81929 0.18071
0 0.81929 0.18071
0 0.81929 0.18071
0 0.81929 0.18071
0 0.940367 0.0596326
0 0.81929 0.18071
0 0.81929 0.18071
0 0.81929 0.18071
0 0.81929 0.18071
0 0.81929 0.18071
0 0.940367 0.0596326
0 0.940367 0.0596326
0 0.940367 0.0596326
0 0.91658 0.0834197
0 0.81929 0.18071
0 0.81929 0.18071
0 0.81929 0.18071
0 0.940367 0.0596326
0 0.81929 0.18071
0 0.81929 0.18071
0 0.940367 0.0596326
0 0.81929 0.18071
0 0.81929 0.18071
0 0.81929 0.18071
0 0.81929 0.18071
0 0.81929 0.18071
0 0.940367 0.0596326
0 0.81929 0.18071
0 0.940367 0.0596326
0 0.81929 0.18071
0 0.940367 0.0596326
0 0.81929 0.18071
0 0.81929 0.18071
0 0.940367 0.0596326
0 0.81929 0.18071
0 0.81929 0.18071
0 0.81929 0.18071
0 0.81929 0.18071
0 0.81929 0.18071
0 0.81929 0.18071
0 0.81929 0.18071
0 0.81929 0.18071
0 0.81929 0.18071
0 0.81929 0.18071
0 0.81929 0.18071
0 0.81929 0.18071
0 0.81929 0.18071
0 0.81929 0.18071
0 0.81929 0.18071
0 0.81929 0.18071
0 0.81929 0.18071
0 0.81929 0.18071
0 0.81929 0.18071
0 0.81929 0.18071
0 0.81929 0.18071
0 0.81929 0.18071
0 0.81929 0.18071
0 0.81929 0.18071
0 0.81929 0.18071
0 0.81929 0.18071
0 0.81929 0.18071
0 0.81929 0.18071
0 0.81929 0.18071
0 0.940367 0.0596326
0 0.940367 0.0596326
0 0.940367 0.0596326
0 0.81929 0.18071
0 0.81929 0.18071
0 0.81929 0.18071
0 0.81929 0.18071
0 0.81929 0.18071
0 0.940367 0.0596326
0 0.81929 0.18071
0 0.81929 0.18071
0 0.81929 0.18071
0 0.81929 0.18071
0 0.940367 0.0596326
0 0.940367 0.0596326
0 0.940367 0.0596326
0 0.940367 0.0596326
0 0.81929 0.18071
0 0.81929 0.18071
0 0.81929 0.18071
0 0.938709 0.0612907
0 0.81929 0.18071
0 0.81929 0.18071
0 0.81929 0.18071
0 0.81929 0.18071
0 0.940367 0.0596326
0 0.940367 0.0596326
0 0.938039 0.061961
0 0.940367 0.0596326
0 0.81929 0.18071
0 0.81929 0.18071
0 0.81929 0.18071
0 0.81929 0.18071
0 0.81929 0.18071
0 0.940367 0.0596326
0 0.940367 0.0596326
0 0.81929 0.18071
0 0.940367 0.0596326
0 0.940367 0.0596326
0 0.939375 0.0606247
0 0.940367 0.0596326
0 0.81929 0.18071
0 0.820728 0.179272
0 0.940367 0.0596326
0 0.819312 0.180688
0 0.81929 0.18071
0 0.81929 0.18071
0 0.940367 0.0596326
0 0.81929 0.18071
0 0.940367 0.0596326
0 0.81929 0.18071
0 0.940367 0.0596326
0 0.81929 0.18071
0 0.81929 0.18071
0 0.81929 0.18071
0 0.81929 0.18071
0 0.81929 0.18071
0 0.940367 0.0596326
0 0.81929 0.18071
0 0.81929 0.18071
0 0.940367 0.0596326
0 0.940367 0.0596326
0 0.940367 0.0596326
0 0.81929 0.18071
0 0.81929 0.18071
0 0.81929 0.18071
0 0.81929 0.18071
0 0.81929 0.18071
0 0.81929 0.18071
0 0.81929 0.18071
0 0.81929 0.18071
0 0.940367 0.0596326
0 0.81929 0.18071
0 0.81929 0.18071
0 0.81929 0.18071
0 0.940367 0.0596326
0 0.81929 0.18071
0 0.81929 0.18071
0 0.940367 0.0596326
0 0.81929 0.18071
0 0.81929 0.18071
0 0.81929 0.18071
0 0.81929 0.18071
0 0.81929 0.18071
0 0.81929 0.18071
0 0.81929 0.18071
0 0.81929 0.18071
0 0.81929 0.18071
0 0.81929 0.18071
0 0.81929 0.18071
0 0.81929 0.18071
0 0.81929 0.18071
0 0.81929 0.18071
0 0.81929 0.18071
0 0.81929 0.18071
0 0.81929 0.18071
0 0.81929 0.18071
0 0.81929 0.18071
0 0.81929 0.18071
0 0.81929 0.18071
0 0.81929 0.18071
0 0.81929 0.18071
0 0.81929 0.18071
0 0.81929 0.18071
0 0.81929 0.18071
0 0.81929 0.18071
0 0.81929 0.18071
0 0.939916 0.0600844
0 0.81929 0.18071
0 0.81929 0.18071
0 0.81929 0.18071
0 0.81929 0.18071
0 0.940367 0.0596326
0 0.81929 0.18071
0 0.81929 0.18071
0 0.81929 0.18071
0 0.940367 0.0596326
0 0.81929 0.18071
0 0.81929 0.18071
0 0.940367 0.0596326
0 0.938182 0.0618178
0 0.81929 0.18071
0 0.81929 0.18071
0 0.81929 0.18071
0 0.81929 0.18071
0 0.81929 0.18071
0 0.81929 0.18071
0 0.81929 0.18071
0 0.81929 0.18071
0 0.81929 0.18071
0 0.81929 0.18071
0 0.81929 0.18071
0 0.81929 0.18071
0 0.940367 0.0596326
0 0.81929 0.18071
0 0.81929 0.18071
0 0.940367 0.0596326
0 0.81929 0.18071
0 0.81929 0.18071
0 0.81929 0.18071
0 0.81929 0.18071
0 0.81929 0.18071
0 0.81929 0.18071
0 0.81929 0.18071
0 0.81929 0.18071
0 0.81929 0.18071
0 0.81929 0.18071
0 0.81929 0.18071
0 0.81929 0.18071
